CASE tag=n01-same-width transition=numeric design=default monoDigit=false rtl=false size=48.0 duration=0.8
  from="1234" to="5678"
  width 108.0 -> 115.0  distinctWidths=10  animated=YES  settled=0.976s
  x 0.0 -> 0.0   height 56.0 -> 56.0  opacity 1.00 -> 1.00
  widths=107,107,109,110,110,110,110,109,109,108,108,110,111,113,115,116,116,115,115,115,114,114,114,114,113,113,113,113,113,113,113,113,113,113,113,113,112,112,112,112,112,112,112,112,112,112,112,112,112,112,112,112,112,112,112,112,112,112,115,115,115,115,115,115,115,115,115,115,115,115,115,115,115,115,115,115,115,115,115,115,115,115,115,115,115,115,115,115,115,115,115,115,115,115,115,115,115,115,115,115,115,115,115,115,115,115,115,115,115,115,115,115,115,115,115,115,115,115,115,115,115,115,115,115,115,115,115,115,115,115,115,115,115,115,115,115,115,115,115,115,115,115,115,115,115,115,115,115,115,115,115,115,115,115,115,115,115,115,115,115
  layouts=0

CASE tag=n02-grow-digit transition=numeric design=default monoDigit=false rtl=false size=48.0 duration=0.8
  from="999" to="1000"
  width 90.0 -> 111.0  distinctWidths=14  animated=YES  settled=0.971s
  x 0.0 -> 0.0   height 56.0 -> 56.0  opacity 1.00 -> 1.00
  widths=88,89,91,91,92,92,96,98,102,104,107,108,110,111,111,112,112,112,112,111,111,111,110,110,110,110,109,109,109,109,108,108,108,108,108,108,108,108,108,108,108,108,108,108,108,108,108,108,108,108,108,108,108,108,108,108,108,111,111,111,111,111,111,111,111,111,111,111,111,111,111,111,111,111,111,111,111,111,111,111,111,111,111,111,111,111,111,111,111,111,111,111,111,111,111,111,111,111,111,111,111,111,111,111,111,111,111,111,111,111,111,111,111,111,111,111,111,111,111,111,111,111,111,111,111,111,111,111,111,111,111,111,111,111,111,111,111,111,111,111,111,111,111,111,111,111,111,111,111,111,111,111,111,111,111,111,111,111,111,111
  layouts=0

CASE tag=n03-shrink-digit transition=numeric design=default monoDigit=false rtl=false size=48.0 duration=0.8
  from="1000" to="999"
  width 111.0 -> 90.0  distinctWidths=13  animated=YES  settled=0.971s
  x 0.0 -> 0.0   height 56.0 -> 56.0  opacity 1.00 -> 1.00
  widths=109,109,111,112,112,112,112,111,111,111,110,112,112,112,112,111,110,109,107,106,105,105,104,104,103,103,102,102,102,101,101,101,101,101,101,101,101,100,100,100,100,100,100,100,100,100,100,100,100,100,100,100,100,100,100,100,100,100,90,90,90,90,90,90,90,90,90,90,90,90,90,90,90,90,90,90,90,90,90,90,90,90,90,90,90,90,90,90,90,90,90,90,90,90,90,90,90,90,90,90,90,90,90,90,90,90,90,90,90,90,90,90,90,90,90,90,90,90,90,90,90,90,90,90,90,90,90,90,90,90,90,90,90,90,90,90,90,90,90,90,90,90,90,90,90,90,90,90,90,90,90,90,90,90,90,90,90,90,90,90
  layouts=0

CASE tag=n04-group-grow transition=numeric design=default monoDigit=false rtl=false size=48.0 duration=0.8
  from="999,999" to="1,000,000"
  width 191.0 -> 218.0  distinctWidths=12  animated=YES  settled=0.970s
  x 0.0 -> 0.0   height 56.0 -> 56.0  opacity 1.00 -> 1.00
  widths=188,189,190,191,191,192,192,192,192,195,211,214,216,218,219,219,219,219,219,219,219,219,218,218,218,218,217,216,216,216,216,216,216,216,216,216,216,216,216,216,216,216,216,216,216,216,216,216,216,216,216,216,216,216,216,216,216,216,218,218,218,218,218,218,218,218,218,218,218,218,218,218,218,218,218,218,218,218,218,218,218,218,218,218,218,218,218,218,218,218,218,218,218,218,218,218,218,218,218,218,218,218,218,218,218,218,218,218,218,218,218,218,218,218,218,218,218,218,218,218,218,218,218,218,218,218,218,218,218,218,218,218,218,218,218,218,218,218,218,218,218,218,218,218,218,218,218,218,218,218,218,218,218,218,218,218,218,218,218,218
  layouts=0

CASE tag=n05-group-shrink transition=numeric design=default monoDigit=false rtl=false size=48.0 duration=0.8
  from="1,000,000" to="999,999"
  width 218.0 -> 191.0  distinctWidths=13  animated=YES  settled=0.974s
  x 0.0 -> 0.0   height 56.0 -> 56.0  opacity 1.00 -> 1.00
  widths=217,217,219,220,220,220,220,219,219,218,218,219,220,219,219,219,218,217,215,214,213,212,212,211,211,210,210,209,209,209,209,209,209,208,208,208,208,208,208,208,208,208,208,208,208,208,208,208,208,208,208,208,208,208,208,208,208,208,191,191,191,191,191,191,191,191,191,191,191,191,191,191,191,191,191,191,191,191,191,191,191,191,191,191,191,191,191,191,191,191,191,191,191,191,191,191,191,191,191,191,191,191,191,191,191,191,191,191,191,191,191,191,191,191,191,191,191,191,191,191,191,191,191,191,191,191,191,191,191,191,191,191,191,191,191,191,191,191,191,191,191,191,191,191,191,191,191,191,191,191,191,191,191,191,191,191,191,191,191,191
  layouts=0

CASE tag=n06-huge-jump transition=numeric design=default monoDigit=false rtl=false size=48.0 duration=0.8
  from="1" to="1,234,567,890"
  width 22.0 -> 308.0  distinctWidths=4  animated=YES  settled=0.970s
  x 0.0 -> 0.0   height 56.0 -> 56.0  opacity 1.00 -> 1.00
  widths=306,306,306,306,306,306,306,306,306,306,306,306,306,307,308,309,309,309,308,308,308,308,307,307,307,307,307,307,306,306,306,306,306,306,306,306,306,306,306,306,306,306,306,306,306,306,306,306,306,306,306,306,306,306,306,306,306,308,308,308,308,308,308,308,308,308,308,308,308,308,308,308,308,308,308,308,308,308,308,308,308,308,308,308,308,308,308,308,308,308,308,308,308,308,308,308,308,308,308,308,308,308,308,308,308,308,308,308,308,308,308,308,308,308,308,308,308,308,308,308,308,308,308,308,308,308,308,308,308,308,308,308,308,308,308,308,308,308,308,308,308,308,308,308,308,308,308,308,308,308,308,308,308,308,308,308,308,308,308,308
  layouts=0

CASE tag=n07-decimal-same transition=numeric design=default monoDigit=false rtl=false size=48.0 duration=0.8
  from="1.23" to="4.56"
  width 88.0 -> 99.0  distinctWidths=12  animated=YES  settled=0.972s
  x 0.0 -> 0.0   height 56.0 -> 56.0  opacity 1.00 -> 1.00
  widths=86,86,89,89,89,89,88,91,92,94,95,96,98,100,101,101,100,100,100,99,99,99,99,98,98,98,98,98,98,98,98,98,98,98,98,98,98,98,98,98,98,98,98,98,98,98,98,98,98,98,98,98,98,98,98,98,99,99,99,99,99,99,99,99,99,99,99,99,99,99,99,99,99,99,99,99,99,99,99,99,99,99,99,99,99,99,99,99,99,99,99,99,99,99,99,99,99,99,99,99,99,99,99,99,99,99,99,99,99,99,99,99,99,99,99,99,99,99,99,99,99,99,99,99,99,99,99,99,99,99,99,99,99,99,99,99,99,99,99,99,99,99,99,99,99,99,99,99,99,99,99,99,99,99,99,99,99,99,99,99
  layouts=0

CASE tag=n08-decimal-grow transition=numeric design=default monoDigit=false rtl=false size=48.0 duration=0.8
  from="1.2" to="1.23456"
  width 59.0 -> 176.0  distinctWidths=4  animated=YES  settled=0.971s
  x 0.0 -> 0.0   height 56.0 -> 56.0  opacity 1.00 -> 1.00
  widths=173,173,173,173,173,173,173,173,173,173,173,173,173,174,175,175,176,175,175,175,175,174,174,174,174,173,173,173,173,173,173,173,173,173,173,173,173,173,173,173,173,173,173,173,173,173,173,173,173,173,173,173,173,173,173,173,173,176,176,176,176,176,176,176,176,176,176,176,176,176,176,176,176,176,176,176,176,176,176,176,176,176,176,176,176,176,176,176,176,176,176,176,176,176,176,176,176,176,176,176,176,176,176,176,176,176,176,176,176,176,176,176,176,176,176,176,176,176,176,176,176,176,176,176,176,176,176,176,176,176,176,176,176,176,176,176,176,176,176,176,176,176,176,176,176,176,176,176,176,176,176,176,176,176,176,176,176,176,176,176
  layouts=0

CASE tag=n09-negative transition=numeric design=default monoDigit=false rtl=false size=48.0 duration=0.8
  from="-20" to="10"
  width 78.0 -> 52.0  distinctWidths=28  animated=YES  settled=0.927s
  x 0.0 -> 0.0   height 56.0 -> 56.0  opacity 1.00 -> 1.00
  widths=76,76,76,76,77,77,78,79,79,80,80,80,80,80,80,80,80,80,79,78,77,77,76,74,73,73,73,72,72,71,70,70,69,69,67,66,65,65,64,63,63,62,62,61,61,60,59,58,58,57,57,57,56,56,55,55,55,54,54,53,53,53,52,52,52,51,51,51,51,51,51,51,51,51,51,51,51,51,51,51,51,51,51,51,51,51,51,51,51,51,51,51,51,51,51,51,51,51,51,51,51,51,51,51,52,52,52,52,52,52,52,52,52,52,52,52,52,52,52,52,52,52,52,52,52,52,52,52,52,52,52,52,52,52,52,52,52,52,52,52,52,52,52,52,52,52,52,52,52,52,52,52,52,52,52,52,52,52,52,52
  layouts=0

CASE tag=n10-currency transition=numeric design=default monoDigit=false rtl=false size=48.0 duration=0.8
  from="$2.50" to="$12.00"
  width 126.0 -> 149.0  distinctWidths=2  animated=NO  settled=0.972s
  x 0.0 -> 0.0   height 56.0 -> 56.0  opacity 1.00 -> 1.00
  widths=146,146,146,146,146,146,146,146,146,146,146,146,146,146,146,146,146,146,146,146,146,146,146,146,146,146,146,146,146,146,146,146,146,146,146,146,146,146,146,146,146,146,146,146,146,146,146,146,146,146,146,146,146,146,146,146,146,149,149,149,149,149,149,149,149,149,149,149,149,149,149,149,149,149,149,149,149,149,149,149,149,149,149,149,149,149,149,149,149,149,149,149,149,149,149,149,149,149,149,149,149,149,149,149,149,149,149,149,149,149,149,149,149,149,149,149,149,149,149,149,149,149,149,149,149,149,149,149,149,149,149,149,149,149,149,149,149,149,149,149,149,149,149,149,149,149,149,149,149,149,149,149,149,149,149,149,149,149,149,149
  layouts=0

CASE tag=n11-percent transition=numeric design=default monoDigit=false rtl=false size=48.0 duration=0.8
  from="5%" to="95%"
  width 68.0 -> 98.0  distinctWidths=14  animated=YES  settled=0.811s
  x 0.0 -> 0.0   height 56.0 -> 56.0  opacity 1.00 -> 1.00
  widths=64,64,64,64,64,64,65,69,73,76,79,81,86,88,91,91,94,94,95,95,94,95,95,95,95,96,96,96,96,96,96,95,95,95,95,95,96,96,96,96,96,96,96,96,96,96,96,96,96,96,96,96,96,96,96,96,96,96,96,96,96,96,96,96,96,96,96,96,96,96,96,96,96,96,96,96,96,96,96,96,96,96,96,96,96,96,96,96,96,96,96,96,96,98,98,98,98,98,98,98,98,98,98,98,98,98,98,98,98,98,98,98,98,98,98,98,98,98,98,98,98,98,98,98,98,98,98,98,98,98,98,98,98,98,98,98,98,98,98,98,98,98,98,98,98,98,98,98,98,98,98,98,98,98,98,98,98,98,98,98
  layouts=0

CASE tag=n12-leading-zeros transition=numeric design=default monoDigit=false rtl=false size=48.0 duration=0.8
  from="007" to="042"
  width 85.0 -> 87.0  distinctWidths=3  animated=YES  settled=0.938s
  x 0.0 -> 0.0   height 56.0 -> 56.0  opacity 1.00 -> 1.00
  widths=86,86,86,86,86,86,86,86,86,86,86,87,87,88,88,88,88,88,88,87,87,87,86,86,86,86,86,86,86,86,86,86,86,86,86,86,86,86,86,86,86,86,86,86,86,86,86,86,86,86,86,86,86,86,86,86,87,87,87,87,87,87,87,87,87,87,87,87,87,87,87,87,87,87,87,87,87,87,87,87,87,87,87,87,87,87,87,87,87,87,87,87,87,87,87,87,87,87,87,87,87,87,87,87,87,87,87,87,87,87,87,87,87,87,87,87,87,87,87,87,87,87,87,87,87,87,87,87,87,87,87,87,87,87,87,87,87,87,87,87,87,87,87,87,87,87,87,87,87,87,87,87,87,87,87,87,87,87,87,87
  layouts=0

CASE tag=n13-single-digit transition=numeric design=default monoDigit=false rtl=false size=48.0 duration=0.8
  from="7" to="3"
  width 27.0 -> 29.0  distinctWidths=9  animated=YES  settled=0.814s
  x 0.0 -> 0.0   height 56.0 -> 56.0  opacity 1.00 -> 1.00
  widths=26,27,28,30,30,32,32,32,32,33,33,34,34,34,34,34,34,34,32,32,32,32,32,31,30,30,30,30,30,30,30,28,28,28,28,28,28,28,28,28,28,28,28,28,28,28,28,28,28,28,28,28,28,28,28,28,28,28,28,28,28,28,28,28,28,28,28,28,28,28,28,28,28,28,28,28,28,28,28,28,28,28,28,28,28,28,28,28,28,28,28,28,28,28,28,28,28,28,29,29,29,29,29,29,29,29,29,29,29,29,29,29,29,29,29,29,29,29,29,29,29,29,29,29,29,29,29,29,29,29,29,29,29,29,29,29,29,29,29,29,29,29,29,29,29,29,29,29,29,29,29,29,29,29,29,29,29,29,29,29
  layouts=0

CASE tag=n14-no-change transition=numeric design=default monoDigit=false rtl=false size=48.0 duration=0.8
  from="7" to="7"
  width 27.0 -> 27.0  distinctWidths=1  animated=NO  settled=0.012s
  x 0.0 -> 0.0   height 56.0 -> 56.0  opacity 1.00 -> 1.00
  widths=27,27,27,27,27,27,27,27,27,27,27,27,27,27,27,27,27,27,27,27,27,27,27,27,27,27,27,27,27,27,27,27,27,27,27,27,27,27,27,27,27,27,27,27,27,27,27,27,27,27,27,27,27,27,27,27,27,27,27,27,27,27,27,27,27,27,27,27,27,27,27,27,27,27,27,27,27,27,27,27,27,27,27,27,27,27,27,27,27,27,27,27,27,27,27,27,27,27,27,27,27,27,27,27,27,27,27,27,27,27,27,27,27,27,27,27,27,27,27,27,27,27,27,27,27,27,27,27,27,27,27,27,27,27,27,27,27,27,27,27,27,27,27,27,27,27,27,27,27,27,27,27,27,27,27,27,27,27,27,27
  layouts=0

CASE tag=n15-time transition=numeric design=default monoDigit=false rtl=false size=48.0 duration=0.8
  from="1:05" to="12:45"
  width 91.0 -> 118.0  distinctWidths=3  animated=YES  settled=0.971s
  x 0.0 -> 0.0   height 56.0 -> 56.0  opacity 1.00 -> 1.00
  widths=116,116,116,116,116,116,116,116,116,116,116,117,117,117,117,117,117,117,117,116,116,116,116,116,116,116,116,116,116,116,116,116,116,116,116,116,116,116,116,116,116,116,116,116,116,116,116,116,116,116,116,116,116,116,116,116,116,118,118,118,118,118,118,118,118,118,118,118,118,118,118,118,118,118,118,118,118,118,118,118,118,118,118,118,118,118,118,118,118,118,118,118,118,118,118,118,118,118,118,118,118,118,118,118,118,118,118,118,118,118,118,118,118,118,118,118,118,118,118,118,118,118,118,118,118,118,118,118,118,118,118,118,118,118,118,118,118,118,118,118,118,118,118,118,118,118,118,118,118,118,118,118,118,118,118,118,118,118,118,118
  layouts=0

CASE tag=n16-units transition=numeric design=default monoDigit=false rtl=false size=48.0 duration=0.8
  from="12 kg" to="1.5 kg"
  width 109.0 -> 120.0  distinctWidths=3  animated=YES  settled=0.939s
  x 0.0 -> 0.0   height 56.0 -> 56.0  opacity 1.00 -> 1.00
  widths=117,118,117,117,117,117,117,117,117,117,117,117,117,117,117,117,117,117,117,117,117,117,117,117,117,117,117,117,117,117,117,117,117,117,117,117,117,117,117,117,117,117,117,117,117,117,117,117,117,117,117,117,117,117,117,117,120,120,120,120,120,120,120,120,120,120,120,120,120,120,120,120,120,120,120,120,120,120,120,120,120,120,120,120,120,120,120,120,120,120,120,120,120,120,120,120,120,120,120,120,120,120,120,120,120,120,120,120,120,120,120,120,120,120,120,120,120,120,120,120,120,120,120,120,120,120,120,120,120,120,120,120,120,120,120,120,120,120,120,120,120,120,120,120,120,120,120,120,120,120,120,120,120,120,120,120,120,120,120,120
  layouts=0

CASE tag=n17-ordinal transition=numeric design=default monoDigit=false rtl=false size=48.0 duration=0.8
  from="1st" to="2nd"
  width 60.0 -> 81.0  distinctWidths=15  animated=YES  settled=0.973s
  x 0.0 -> 0.0   height 56.0 -> 56.0  opacity 1.00 -> 1.00
  widths=59,59,60,60,61,61,62,62,64,66,71,73,75,76,76,77,78,79,80,81,81,81,81,81,80,79,79,79,79,79,79,78,78,78,78,78,78,78,78,78,78,78,78,78,78,78,78,78,78,78,78,78,78,78,78,78,78,78,78,78,78,78,78,78,78,78,78,78,78,78,78,78,78,78,78,78,78,78,78,78,78,78,78,78,78,78,78,78,78,78,78,78,78,78,78,78,78,78,81,81,81,81,81,81,81,81,81,81,81,81,81,81,81,81,81,81,81,81,81,81,81,81,81,81,81,81,81,81,81,81,81,81,81,81,81,81,81,81,81,81,81,81,81,81,81,81,81,81,81,81,81,81,81,81,81,81,81,81,81,81
  layouts=0

CASE tag=n18-spelled transition=numeric design=default monoDigit=false rtl=false size=48.0 duration=0.8
  from="one" to="two"
  width 77.0 -> 76.0  distinctWidths=6  animated=YES  settled=0.483s
  x 0.0 -> 0.0   height 56.0 -> 56.0  opacity 1.00 -> 1.00
  widths=76,77,77,77,77,78,79,80,80,80,81,81,81,80,80,80,80,81,81,81,81,79,79,78,79,79,79,79,79,79,79,78,78,78,78,78,78,78,78,78,78,78,78,78,77,77,77,77,77,76,76,76,76,76,76,76,76,76,76,76,76,76,76,76,76,76,76,76,76,76,76,76,76,76,76,76,76,76,76,76,76,76,76,76,76,76,76,76,76,76,76,76,76,76,76,76,76,76,76,76,76,76,76,76,76,76,76,76,76,76,76,76,76,76,76,76,76,76,76,76,76,76,76,76,76,76,76,76,76,76,76,76,76,76,76,76,76,76,76,76,76,76,76,76,76,76,76,76,76,76,76,76,76,76,76,76,76,76,76,76
  layouts=0

CASE tag=w01-same-len-word transition=numeric design=default monoDigit=false rtl=false size=48.0 duration=0.8
  from="cat" to="dog"
  width 64.0 -> 80.0  distinctWidths=12  animated=YES  settled=0.971s
  x 0.0 -> 0.0   height 56.0 -> 56.0  opacity 1.00 -> 1.00
  widths=63,64,64,64,65,65,65,70,71,75,76,78,78,78,80,80,81,82,82,82,81,81,80,80,79,79,79,79,79,79,79,78,78,78,78,78,78,78,78,78,78,78,78,78,78,78,78,78,78,78,78,78,78,78,78,78,78,78,78,80,80,80,80,80,80,80,80,80,80,80,80,80,80,80,80,80,80,80,80,80,80,80,80,80,80,80,80,80,80,80,80,80,80,80,80,80,80,80,80,80,80,80,80,80,80,80,80,80,80,80,80,80,80,80,80,80,80,80,80,80,80,80,80,80,80,80,80,80,80,80,80,80,80,80,80,80,80,80,80,80,80,80,80,80,80,80,80,80,80,80,80,80,80,80,80,80,80,80,80,80
  layouts=0

CASE tag=w02-diff-len-word transition=numeric design=default monoDigit=false rtl=false size=48.0 duration=0.8
  from="hi" to="hello"
  width 37.0 -> 98.0  distinctWidths=3  animated=YES  settled=0.971s
  x 0.0 -> 0.0   height 56.0 -> 56.0  opacity 1.00 -> 1.00
  widths=96,96,96,96,96,96,96,96,96,96,96,96,96,96,97,97,98,98,98,97,97,97,97,97,97,97,97,96,96,96,96,96,96,96,96,96,96,96,96,96,96,96,96,96,96,96,96,96,96,96,96,96,96,96,96,96,96,98,98,98,98,98,98,98,98,98,98,98,98,98,98,98,98,98,98,98,98,98,98,98,98,98,98,98,98,98,98,98,98,98,98,98,98,98,98,98,98,98,98,98,98,98,98,98,98,98,98,98,98,98,98,98,98,98,98,98,98,98,98,98,98,98,98,98,98,98,98,98,98,98,98,98,98,98,98,98,98,98,98,98,98,98,98,98,98,98,98,98,98,98,98,98,98,98,98,98,98,98,98,98
  layouts=0

CASE tag=w03-shared-prefix transition=numeric design=default monoDigit=false rtl=false size=48.0 duration=0.8
  from="Create" to="Creative"
  width 136.0 -> 170.0  distinctWidths=2  animated=NO  settled=0.937s
  x 0.0 -> 0.0   height 56.0 -> 56.0  opacity 1.00 -> 1.00
  widths=169,169,169,169,169,169,169,169,169,169,169,169,169,169,169,169,169,169,169,169,169,169,169,169,169,169,169,169,169,169,169,169,169,169,169,169,169,169,169,169,169,169,169,169,169,169,169,169,169,169,169,169,169,169,169,169,170,170,170,170,170,170,170,170,170,170,170,170,170,170,170,170,170,170,170,170,170,170,170,170,170,170,170,170,170,170,170,170,170,170,170,170,170,170,170,170,170,170,170,170,170,170,170,170,170,170,170,170,170,170,170,170,170,170,170,170,170,170,170,170,170,170,170,170,170,170,170,170,170,170,170,170,170,170,170,170,170,170,170,170,170,170,170,170,170,170,170,170,170,170,170,170,170,170,170,170,170,170,170,170
  layouts=0

CASE tag=w04-shared-suffix transition=numeric design=default monoDigit=false rtl=false size=48.0 duration=0.8
  from="daylight" to="light"
  width 164.0 -> 89.0  distinctWidths=30  animated=YES  settled=0.971s
  x 0.0 -> 0.0   height 56.0 -> 56.0  opacity 1.00 -> 1.00
  widths=163,164,165,166,166,166,165,164,164,163,163,159,153,146,144,141,139,137,134,131,129,126,123,120,118,114,111,109,106,104,101,99,98,97,97,97,97,97,97,96,96,98,98,99,100,100,100,101,101,101,101,101,101,101,101,101,101,101,89,89,89,89,89,89,89,89,89,89,89,89,89,89,89,89,89,89,89,89,89,89,89,89,89,89,89,89,89,89,89,89,89,89,89,89,89,89,89,89,89,89,89,89,89,89,89,89,89,89,89,89,89,89,89,89,89,89,89,89,89,89,89,89,89,89,89,89,89,89,89,89,89,89,89,89,89,89,89,89,89,89,89,89,89,89,89,89,89,89,89,89,89,89,89,89,89,89,89,89,89,89
  layouts=0

CASE tag=w05-common-word-far transition=numeric design=default monoDigit=false rtl=false size=48.0 duration=0.8
  from="the light you seek is within you" to="you are the daylight"
  width 615.0 -> 398.0  distinctWidths=11  animated=YES  settled=0.976s
  x 0.0 -> 0.0   height 56.0 -> 56.0  opacity 1.00 -> 1.00
  widths=615,615,617,618,618,618,617,617,617,616,617,618,617,617,617,616,615,614,614,612,611,611,610,610,610,609,609,609,609,609,608,608,608,608,608,608,608,608,608,608,608,608,608,608,608,608,608,608,608,608,608,608,608,608,608,608,608,608,398,398,398,398,398,398,398,398,398,398,398,398,398,398,398,398,398,398,398,398,398,398,398,398,398,398,398,398,398,398,398,398,398,398,398,398,398,398,398,398,398,398,398,398,398,398,398,398,398,398,398,398,398,398,398,398,398,398,398,398,398,398,398,398,398,398,398,398,398,398,398,398,398,398,398,398,398,398,398,398,398,398,398,398,398,398,398,398,398,398,398,398,398,398,398,398,398,398,398,398,398,398
  layouts=0

CASE tag=w06-sentence transition=numeric design=default monoDigit=false rtl=false size=48.0 duration=0.8
  from="A" to="A much longer sentence here"
  width 31.0 -> 593.0  distinctWidths=3  animated=YES  settled=0.973s
  x 0.0 -> 0.0   height 56.0 -> 56.0  opacity 1.00 -> 1.00
  widths=594,594,594,594,594,594,594,594,594,594,594,594,594,594,594,594,595,595,595,595,595,594,594,594,594,594,594,594,594,594,594,594,594,594,594,594,594,594,594,594,594,594,594,594,594,594,594,594,594,594,594,594,594,594,594,594,594,593,593,593,593,593,593,593,593,593,593,593,593,593,593,593,593,593,593,593,593,593,593,593,593,593,593,593,593,593,593,593,593,593,593,593,593,593,593,593,593,593,593,593,593,593,593,593,593,593,593,593,593,593,593,593,593,593,593,593,593,593,593,593,593,593,593,593,593,593,593,593,593,593,593,593,593,593,593,593,593,593,593,593,593,593,593,593,593,593,593,593,593,593,593,593,593,593,593,593,593,593,593,593
  layouts=0

CASE tag=w07-one-letter-diff transition=numeric design=default monoDigit=false rtl=false size=48.0 duration=0.8
  from="kitten" to="kitten."
  width 114.0 -> 125.0  distinctWidths=2  animated=NO  settled=0.808s
  x 0.0 -> 0.0   height 56.0 -> 56.0  opacity 1.00 -> 1.00
  widths=122,122,122,122,122,122,122,122,122,122,122,122,122,122,122,122,122,122,122,122,122,122,122,122,122,122,122,122,122,122,122,122,122,122,122,122,122,122,122,122,122,122,122,122,122,122,122,122,125,125,125,125,125,125,125,125,125,125,125,125,125,125,125,125,125,125,125,125,125,125,125,125,125,125,125,125,125,125,125,125,125,125,125,125,125,125,125,125,125,125,125,125,125,125,125,125,125,125,125,125,125,125,125,125,125,125,125,125,125,125,125,125,125,125,125,125,125,125,125,125,125,125,125,125,125,125,125,125,125,125,125,125,125,125,125,125,125,125,125,125,125,125,125,125,125,125,125,125,125,125,125,125,125,125,125,125,125,125,125,125
  layouts=0

CASE tag=m01-alnum transition=numeric design=default monoDigit=false rtl=false size=48.0 duration=0.8
  from="A1" to="B2"
  width 51.0 -> 57.0  distinctWidths=13  animated=YES  settled=0.932s
  x 0.0 -> 0.0   height 56.0 -> 56.0  opacity 1.00 -> 1.00
  widths=47,48,48,48,49,49,49,49,50,51,52,53,53,53,54,55,55,56,55,57,58,58,59,59,58,58,58,58,58,58,57,57,57,57,57,57,56,56,56,56,56,56,56,56,56,56,56,56,56,55,55,55,55,55,55,55,55,55,55,55,55,55,55,55,55,55,55,55,54,54,54,54,54,54,54,54,54,54,54,54,54,54,54,54,54,54,54,54,54,54,54,54,54,54,54,54,54,54,54,54,54,54,54,54,54,54,54,54,57,57,57,57,57,57,57,57,57,57,57,57,57,57,57,57,57,57,57,57,57,57,57,57,57,57,57,57,57,57,57,57,57,57,57,57,57,57,57,57,57,57,57,57,57,57,57,57,57,57,57,57
  layouts=0

CASE tag=m02-sku transition=numeric design=default monoDigit=false rtl=false size=48.0 duration=0.8
  from="SKU-1" to="SKU-1000"
  width 133.0 -> 222.0  distinctWidths=3  animated=YES  settled=0.971s
  x 0.0 -> 0.0   height 56.0 -> 56.0  opacity 1.00 -> 1.00
  widths=221,221,221,221,221,221,221,221,221,221,221,221,221,222,223,223,223,223,223,223,222,222,222,221,221,221,221,221,221,221,221,221,221,221,221,221,221,221,221,221,221,221,221,221,221,221,221,221,221,221,221,221,221,221,221,221,221,222,222,222,222,222,222,222,222,222,222,222,222,222,222,222,222,222,222,222,222,222,222,222,222,222,222,222,222,222,222,222,222,222,222,222,222,222,222,222,222,222,222,222,222,222,222,222,222,222,222,222,222,222,222,222,222,222,222,222,222,222,222,222,222,222,222,222,222,222,222,222,222,222,222,222,222,222,222,222,222,222,222,222,222,222,222,222,222,222,222,222,222,222,222,222,222,222,222,222,222,222,222,222
  layouts=0

CASE tag=e01-emoji transition=numeric design=default monoDigit=false rtl=false size=48.0 duration=0.8
  from="👋" to="🙌"
  width 67.0 -> 67.0  distinctWidths=6  animated=YES  settled=0.816s
  x -9.0 -> -9.0   height 77.0 -> 77.0  opacity 1.00 -> 1.00
  widths=52,52,56,58,56,56,56,56,58,56,56,56,56,54,54,54,54,52,52,52,52,53,52,52,52,53,52,52,52,52,53,53,53,52,53,52,53,53,52,53,52,52,52,53,53,52,53,53,53,67,67,67,67,67,67,67,67,67,67,67,67,67,67,67,67,67,67,67,67,67,67,67,67,67,67,67,67,67,67,67,67,67,67,67,67,67,67,67,67,67,67,67,67,67,67,67,67,67,67,67,67,67,67,67,67,67,67,67,67,67,67,67,67,67,67,67,67,67,67,67,67,67,67,67,67,67,67,67,67,67,67,67,67,67,67,67,67,67,67,67,67,67,67,67,67,67,67,67,67,67,67,67,67,67,67,67,67,67,67,67
  layouts=0

CASE tag=e02-emoji-text transition=numeric design=default monoDigit=false rtl=false size=48.0 duration=0.8
  from="Hello 👋" to="Hey 👋"
  width 183.0 -> 159.0  distinctWidths=39  animated=YES  settled=0.975s
  x -9.0 -> -9.0   height 77.0 -> 77.0  opacity 1.00 -> 1.00
  widths=277,277,277,276,276,276,275,275,274,273,272,271,270,269,268,267,265,264,262,261,259,258,256,255,253,251,249,248,246,245,243,242,240,239,238,237,236,235,234,233,232,232,231,231,231,230,230,230,230,230,230,230,230,230,230,230,230,230,159,159,159,159,159,159,159,159,159,159,159,159,159,159,159,159,159,159,159,159,159,159,159,159,159,159,159,159,159,159,159,159,159,159,159,159,159,159,159,159,159,159,159,159,159,159,159,159,159,159,159,159,159,159,159,159,159,159,159,159,159,159,159,159,159,159,159,159,159,159,159,159,159,159,159,159,159,159,159,159,159,159,159,159,159,159,159,159,159,159,159,159,159,159,159,159,159,159,159,159,159,159
  layouts=0

CASE tag=c01-cjk transition=numeric design=default monoDigit=false rtl=false size=48.0 duration=0.8
  from="一" to="一千二百"
  width 46.0 -> 182.0  distinctWidths=2  animated=NO  settled=0.971s
  x 0.0 -> 0.0   height 56.0 -> 56.0  opacity 1.00 -> 1.00
  widths=181,181,181,181,181,181,181,181,181,181,181,181,181,181,181,182,182,182,182,182,182,182,182,181,181,181,181,181,181,181,181,181,181,181,181,181,181,181,181,181,181,181,181,181,181,181,181,181,181,181,181,181,181,181,181,181,181,182,182,182,182,182,182,182,182,182,182,182,182,182,182,182,182,182,182,182,182,182,182,182,182,182,182,182,182,182,182,182,182,182,182,182,182,182,182,182,182,182,182,182,182,182,182,182,182,182,182,182,182,182,182,182,182,182,182,182,182,182,182,182,182,182,182,182,182,182,182,182,182,182,182,182,182,182,182,182,182,182,182,182,182,182,182,182,182,182,182,182,182,182,182,182,182,182,182,182,182,182,182,182
  layouts=0

CASE tag=c02-cjk-mixed transition=numeric design=default monoDigit=false rtl=false size=48.0 duration=0.8
  from="12件" to="1,200件"
  width 95.0 -> 163.0  distinctWidths=28  animated=YES  settled=0.974s
  x 0.0 -> 0.0   height 56.0 -> 56.0  opacity 1.00 -> 1.00
  widths=116,117,116,116,116,116,116,116,116,116,116,116,116,116,117,118,118,118,118,118,118,119,122,124,127,129,131,134,136,138,140,143,145,147,148,150,152,153,154,155,156,157,158,159,159,160,160,160,160,160,160,160,160,160,160,160,160,160,163,163,163,163,163,163,163,163,163,163,163,163,163,163,163,163,163,163,163,163,163,163,163,163,163,163,163,163,163,163,163,163,163,163,163,163,163,163,163,163,163,163,163,163,163,163,163,163,163,163,163,163,163,163,163,163,163,163,163,163,163,163,163,163,163,163,163,163,163,163,163,163,163,163,163,163,163,163,163,163,163,163,163,163,163,163,163,163,163,163,163,163,163,163,163,163,163,163,163,163,163,163
  layouts=0

CASE tag=r01-arabic-digits transition=numeric design=default monoDigit=false rtl=true size=48.0 duration=0.8
  from="١٢٣" to="٤٥٦"
  width 68.0 -> 68.0  distinctWidths=6  animated=YES  settled=0.964s
  x 832.0 -> 832.0   height 56.0 -> 56.0  opacity 1.00 -> 1.00
  widths=67,68,68,69,69,69,69,68,68,68,68,68,68,70,70,71,70,69,69,69,68,68,68,67,67,67,67,67,67,67,67,66,66,66,66,66,66,66,66,66,66,66,66,66,66,66,66,66,66,66,66,66,66,66,66,66,66,66,66,66,66,66,66,66,66,66,66,66,66,66,66,66,66,66,66,66,66,66,66,66,66,66,66,66,66,66,66,66,66,66,66,66,66,66,66,68,68,68,68,68,68,68,68,68,68,68,68,68,68,68,68,68,68,68,68,68,68,68,68,68,68,68,68,68,68,68,68,68,68,68,68,68,68,68,68,68,68,68,68,68,68,68,68,68,68,68,68,68,68,68,68,68,68,68,68,68,68,68,68,68
  layouts=0

CASE tag=r02-hebrew transition=numeric design=default monoDigit=false rtl=true size=48.0 duration=0.8
  from="שלום" to="להתראות"
  width 105.0 -> 191.0  distinctWidths=14  animated=YES  settled=0.965s
  x 795.0 -> 709.0   height 56.0 -> 56.0  opacity 1.00 -> 1.00
  widths=102,102,109,123,137,144,157,165,170,183,184,188,189,190,191,191,191,191,191,191,191,190,190,190,190,190,190,190,189,189,190,189,190,190,190,189,189,190,189,189,189,189,189,190,189,189,189,189,189,189,189,189,189,189,189,189,191,191,191,191,191,191,191,191,191,191,191,191,191,191,191,191,191,191,191,191,191,191,191,191,191,191,191,191,191,191,191,191,191,191,191,191,191,191,191,191,191,191,191,191,191,191,191,191,191,191,191,191,191,191,191,191,191,191,191,191,191,191,191,191,191,191,191,191,191,191,191,191,191,191,191,191,191,191,191,191,191,191,191,191,191,191,191,191,191,191,191,191,191,191,191,191,191,191,191,191,191,191,191,191
  layouts=0

CASE tag=t-digits-numeric transition=numeric design=default monoDigit=false rtl=false size=48.0 duration=0.8
  from="1,234" to="9,876,543"
  width 117.0 -> 223.0  distinctWidths=14  animated=YES  settled=0.972s
  x 0.0 -> 0.0   height 56.0 -> 56.0  opacity 1.00 -> 1.00
  widths=117,117,137,147,164,173,185,193,200,216,218,221,221,223,224,224,224,223,223,223,222,222,222,221,221,221,221,221,221,221,221,221,221,221,221,221,221,221,221,221,221,221,221,221,221,221,221,221,221,221,221,221,221,221,221,221,221,223,223,223,223,223,223,223,223,223,223,223,223,223,223,223,223,223,223,223,223,223,223,223,223,223,223,223,223,223,223,223,223,223,223,223,223,223,223,223,223,223,223,223,223,223,223,223,223,223,223,223,223,223,223,223,223,223,223,223,223,223,223,223,223,223,223,223,223,223,223,223,223,223,223,223,223,223,223,223,223,223,223,223,223,223,223,223,223,223,223,223,223,223,223,223,223,223,223,223,223,223,223,223
  layouts=0

CASE tag=t-words-numeric transition=numeric design=default monoDigit=false rtl=false size=48.0 duration=0.8
  from="daylight" to="the light you seek"
  width 164.0 -> 356.0  distinctWidths=16  animated=YES  settled=0.978s
  x 0.0 -> 0.0   height 56.0 -> 56.0  opacity 1.00 -> 1.00
  widths=163,195,209,241,258,271,298,310,354,355,357,359,361,361,361,361,361,361,361,360,360,360,359,359,359,358,358,358,358,358,357,357,357,357,357,357,357,357,357,357,357,357,357,357,357,357,357,357,357,357,357,357,357,357,357,357,357,356,356,356,356,356,356,356,356,356,356,356,356,356,356,356,356,356,356,356,356,356,356,356,356,356,356,356,356,356,356,356,356,356,356,356,356,356,356,356,356,356,356,356,356,356,356,356,356,356,356,356,356,356,356,356,356,356,356,356,356,356,356,356,356,356,356,356,356,356,356,356,356,356,356,356,356,356,356,356,356,356,356,356,356,356,356,356,356,356,356,356,356,356,356,356,356,356,356,356,356,356,356,356
  layouts=0

CASE tag=t-digits-numericValue transition=numericValue design=default monoDigit=false rtl=false size=48.0 duration=0.8
  from="1,234" to="9,876,543"
  width 117.0 -> 223.0  distinctWidths=15  animated=YES  settled=0.973s
  x 0.0 -> 0.0   height 56.0 -> 56.0  opacity 1.00 -> 1.00
  widths=117,117,137,151,164,172,185,193,199,216,218,220,221,223,224,224,224,223,223,222,222,222,222,221,221,221,221,221,221,221,221,221,221,221,221,221,221,221,221,221,221,221,221,221,221,221,221,221,221,221,221,221,221,221,221,221,221,223,223,223,223,223,223,223,223,223,223,223,223,223,223,223,223,223,223,223,223,223,223,223,223,223,223,223,223,223,223,223,223,223,223,223,223,223,223,223,223,223,223,223,223,223,223,223,223,223,223,223,223,223,223,223,223,223,223,223,223,223,223,223,223,223,223,223,223,223,223,223,223,223,223,223,223,223,223,223,223,223,223,223,223,223,223,223,223,223,223,223,223,223,223,223,223,223,223,223,223,223,223,223
  layouts=0

CASE tag=t-words-numericValue transition=numericValue design=default monoDigit=false rtl=false size=48.0 duration=0.8
  from="daylight" to="the light you seek"
  width 164.0 -> 356.0  distinctWidths=17  animated=YES  settled=0.973s
  x 0.0 -> 0.0   height 56.0 -> 56.0  opacity 1.00 -> 1.00
  widths=163,164,193,202,234,248,276,286,310,339,354,356,358,360,360,361,361,361,361,361,360,360,360,359,359,359,358,358,358,358,358,358,357,357,357,357,357,357,357,357,357,357,357,357,357,357,357,357,357,357,357,357,357,357,357,357,357,357,356,356,356,356,356,356,356,356,356,356,356,356,356,356,356,356,356,356,356,356,356,356,356,356,356,356,356,356,356,356,356,356,356,356,356,356,356,356,356,356,356,356,356,356,356,356,356,356,356,356,356,356,356,356,356,356,356,356,356,356,356,356,356,356,356,356,356,356,356,356,356,356,356,356,356,356,356,356,356,356,356,356,356,356,356,356,356,356,356,356,356,356,356,356,356,356,356,356,356,356,356,356
  layouts=0

CASE tag=t-digits-opacity transition=opacity design=default monoDigit=false rtl=false size=48.0 duration=0.8
  from="1,234" to="9,876,543"
  width 117.0 -> 117.0  distinctWidths=1  animated=NO  settled=0.009s
  x 0.0 -> 0.0   height 56.0 -> 56.0  opacity 1.00 -> 1.00
  widths=117,117,117,117,117,117,117,117,117,117,117,117,117,117,117,117,117,117,117,117,117,117,117,117,117,117,117,117,117,117,117,117,117,117,117,117,117,117,117,117,117,117,117,117,117,117,117,117,117,117,117,117,117,117,117,117,117,117,117,117,117,117,117,117,117,117,117,117,117,117,117,117,117,117,117,117,117,117,117,117,117,117,117,117,117,117,117,117,117,117,117,117,117,117,117,117,117,117,117,117,117,117,117,117,117,117,117,117,117,117,117,117,117,117,117,117,117,117,117,117,117,117,117,117,117,117,117,117,117,117,117,117,117,117,117,117,117,117,117,117,117,117,117,117,117,117,117,117,117,117,117,117,117,117,117,117,117,117,117,117
  layouts=0

CASE tag=t-words-opacity transition=opacity design=default monoDigit=false rtl=false size=48.0 duration=0.8
  from="daylight" to="the light you seek"
  width 164.0 -> 164.0  distinctWidths=1  animated=NO  settled=0.009s
  x 0.0 -> 0.0   height 56.0 -> 56.0  opacity 1.00 -> 1.00
  widths=164,164,164,164,164,164,164,164,164,164,164,164,164,164,164,164,164,164,164,164,164,164,164,164,164,164,164,164,164,164,164,164,164,164,164,164,164,164,164,164,164,164,164,164,164,164,164,164,164,164,164,164,164,164,164,164,164,164,164,164,164,164,164,164,164,164,164,164,164,164,164,164,164,164,164,164,164,164,164,164,164,164,164,164,164,164,164,164,164,164,164,164,164,164,164,164,164,164,164,164,164,164,164,164,164,164,164,164,164,164,164,164,164,164,164,164,164,164,164,164,164,164,164,164,164,164,164,164,164,164,164,164,164,164,164,164,164,164,164,164,164,164,164,164,164,164,164,164,164,164,164,164,164,164,164,164,164,164,164,164
  layouts=0

CASE tag=t-digits-interpolate transition=interpolate design=default monoDigit=false rtl=false size=48.0 duration=0.8
  from="1,234" to="9,876,543"
  width 117.0 -> 223.0  distinctWidths=2  animated=NO  settled=0.804s
  x 0.0 -> 0.0   height 56.0 -> 56.0  opacity 1.00 -> 1.00
  widths=221,221,221,221,221,221,221,221,221,221,221,221,221,221,221,221,221,221,221,221,221,221,221,221,221,221,221,221,221,221,221,221,221,221,221,221,221,221,221,221,221,221,221,221,221,221,221,223,223,223,223,223,223,223,223,223,223,223,223,223,223,223,223,223,223,223,223,223,223,223,223,223,223,223,223,223,223,223,223,223,223,223,223,223,223,223,223,223,223,223,223,223,223,223,223,223,223,223,223,223,223,223,223,223,223,223,223,223,223,223,223,223,223,223,223,223,223,223,223,223,223,223,223,223,223,223,223,223,223,223,223,223,223,223,223,223,223,223,223,223,223,223,223,223,223,223,223,223,223,223,223,223,223,223,223,223,223,223,223,223
  layouts=0

CASE tag=t-words-interpolate transition=interpolate design=default monoDigit=false rtl=false size=48.0 duration=0.8
  from="daylight" to="the light you seek"
  width 164.0 -> 356.0  distinctWidths=2  animated=NO  settled=0.805s
  x 0.0 -> 0.0   height 56.0 -> 56.0  opacity 1.00 -> 1.00
  widths=357,357,357,357,357,357,357,357,357,357,357,357,357,357,357,357,357,357,357,357,357,357,357,357,357,357,357,357,357,357,357,357,357,357,357,357,357,357,357,357,357,357,357,357,357,357,357,356,356,356,356,356,356,356,356,356,356,356,356,356,356,356,356,356,356,356,356,356,356,356,356,356,356,356,356,356,356,356,356,356,356,356,356,356,356,356,356,356,356,356,356,356,356,356,356,356,356,356,356,356,356,356,356,356,356,356,356,356,356,356,356,356,356,356,356,356,356,356,356,356,356,356,356,356,356,356,356,356,356,356,356,356,356,356,356,356,356,356,356,356,356,356,356,356,356,356,356,356,356,356,356,356,356,356,356,356,356,356,356,356
  layouts=0

CASE tag=t-digits-identity transition=identity design=default monoDigit=false rtl=false size=48.0 duration=0.8
  from="1,234" to="9,876,543"
  width 117.0 -> 223.0  distinctWidths=1  animated=NO  settled=0.009s
  x 0.0 -> 0.0   height 56.0 -> 56.0  opacity 1.00 -> 1.00
  widths=223,223,223,223,223,223,223,223,223,223,223,223,223,223,223,223,223,223,223,223,223,223,223,223,223,223,223,223,223,223,223,223,223,223,223,223,223,223,223,223,223,223,223,223,223,223,223,223,223,223,223,223,223,223,223,223,223,223,223,223,223,223,223,223,223,223,223,223,223,223,223,223,223,223,223,223,223,223,223,223,223,223,223,223,223,223,223,223,223,223,223,223,223,223,223,223,223,223,223,223,223,223,223,223,223,223,223,223,223,223,223,223,223,223,223,223,223,223,223,223,223,223,223,223,223,223,223,223,223,223,223,223,223,223,223,223,223,223,223,223,223,223,223,223,223,223,223,223,223,223,223,223,223,223,223,223,223,223,223,223
  layouts=0

CASE tag=t-words-identity transition=identity design=default monoDigit=false rtl=false size=48.0 duration=0.8
  from="daylight" to="the light you seek"
  width 164.0 -> 356.0  distinctWidths=1  animated=NO  settled=0.009s
  x 0.0 -> 0.0   height 56.0 -> 56.0  opacity 1.00 -> 1.00
  widths=356,356,356,356,356,356,356,356,356,356,356,356,356,356,356,356,356,356,356,356,356,356,356,356,356,356,356,356,356,356,356,356,356,356,356,356,356,356,356,356,356,356,356,356,356,356,356,356,356,356,356,356,356,356,356,356,356,356,356,356,356,356,356,356,356,356,356,356,356,356,356,356,356,356,356,356,356,356,356,356,356,356,356,356,356,356,356,356,356,356,356,356,356,356,356,356,356,356,356,356,356,356,356,356,356,356,356,356,356,356,356,356,356,356,356,356,356,356,356,356,356,356,356,356,356,356,356,356,356,356,356,356,356,356,356,356,356,356,356,356,356,356,356,356,356,356,356,356,356,356,356,356,356,356,356,356,356,356,356,356
  layouts=0

CASE tag=t-digits-none transition=none design=default monoDigit=false rtl=false size=48.0 duration=0.8
  from="1,234" to="9,876,543"
  width 117.0 -> 223.0  distinctWidths=2  animated=NO  settled=0.804s
  x 0.0 -> 0.0   height 56.0 -> 56.0  opacity 1.00 -> 1.00
  widths=221,221,221,221,221,221,221,221,221,221,221,221,221,221,221,221,221,221,221,221,221,221,221,221,221,221,221,221,221,221,221,221,221,221,221,221,221,221,221,221,221,221,221,221,221,221,221,223,223,223,223,223,223,223,223,223,223,223,223,223,223,223,223,223,223,223,223,223,223,223,223,223,223,223,223,223,223,223,223,223,223,223,223,223,223,223,223,223,223,223,223,223,223,223,223,223,223,223,223,223,223,223,223,223,223,223,223,223,223,223,223,223,223,223,223,223,223,223,223,223,223,223,223,223,223,223,223,223,223,223,223,223,223,223,223,223,223,223,223,223,223,223,223,223,223,223,223,223,223,223,223,223,223,223,223,223,223,223,223,223
  layouts=0

CASE tag=t-words-none transition=none design=default monoDigit=false rtl=false size=48.0 duration=0.8
  from="daylight" to="the light you seek"
  width 164.0 -> 356.0  distinctWidths=2  animated=NO  settled=0.804s
  x 0.0 -> 0.0   height 56.0 -> 56.0  opacity 1.00 -> 1.00
  widths=357,357,357,357,357,357,357,357,357,357,357,357,357,357,357,357,357,357,357,357,357,357,357,357,357,357,357,357,357,357,357,357,357,357,357,357,357,357,357,357,357,357,357,357,357,357,357,356,356,356,356,356,356,356,356,356,356,356,356,356,356,356,356,356,356,356,356,356,356,356,356,356,356,356,356,356,356,356,356,356,356,356,356,356,356,356,356,356,356,356,356,356,356,356,356,356,356,356,356,356,356,356,356,356,356,356,356,356,356,356,356,356,356,356,356,356,356,356,356,356,356,356,356,356,356,356,356,356,356,356,356,356,356,356,356,356,356,356,356,356,356,356,356,356,356,356,356,356,356,356,356,356,356,356,356,356,356,356,356,356
  layouts=0

CASE tag=f-default-digits transition=numeric design=default monoDigit=false rtl=false size=48.0 duration=0.8
  from="1,234" to="9,876,543"
  width 117.0 -> 223.0  distinctWidths=15  animated=YES  settled=0.974s
  x 0.0 -> 0.0   height 56.0 -> 56.0  opacity 1.00 -> 1.00
  widths=117,117,123,139,147,165,172,186,194,199,216,218,221,222,223,224,224,224,223,223,222,222,222,222,221,221,221,221,221,221,221,221,221,221,221,221,221,221,221,221,221,221,221,221,221,221,221,221,221,221,221,221,221,221,221,221,221,221,223,223,223,223,223,223,223,223,223,223,223,223,223,223,223,223,223,223,223,223,223,223,223,223,223,223,223,223,223,223,223,223,223,223,223,223,223,223,223,223,223,223,223,223,223,223,223,223,223,223,223,223,223,223,223,223,223,223,223,223,223,223,223,223,223,223,223,223,223,223,223,223,223,223,223,223,223,223,223,223,223,223,223,223,223,223,223,223,223,223,223,223,223,223,223,223,223,223,223,223,223,223
  layouts=0

CASE tag=f-default-words transition=numeric design=default monoDigit=false rtl=false size=48.0 duration=0.8
  from="daylight" to="the light you seek"
  width 164.0 -> 356.0  distinctWidths=17  animated=YES  settled=0.965s
  x 0.0 -> 0.0   height 56.0 -> 56.0  opacity 1.00 -> 1.00
  widths=163,184,197,213,245,262,275,299,310,354,355,357,359,361,361,361,361,361,361,361,360,360,360,359,359,359,358,358,358,358,358,357,357,357,357,357,357,357,357,357,357,357,357,357,357,357,357,357,357,357,357,357,357,357,357,357,357,356,356,356,356,356,356,356,356,356,356,356,356,356,356,356,356,356,356,356,356,356,356,356,356,356,356,356,356,356,356,356,356,356,356,356,356,356,356,356,356,356,356,356,356,356,356,356,356,356,356,356,356,356,356,356,356,356,356,356,356,356,356,356,356,356,356,356,356,356,356,356,356,356,356,356,356,356,356,356,356,356,356,356,356,356,356,356,356,356,356,356,356,356,356,356,356,356,356,356,356,356,356,356
  layouts=0

CASE tag=f-rounded-digits transition=numeric design=rounded monoDigit=false rtl=false size=48.0 duration=0.8
  from="1,234" to="9,876,543"
  width 119.0 -> 225.0  distinctWidths=16  animated=YES  settled=0.973s
  x 0.0 -> 0.0   height 56.0 -> 56.0  opacity 1.00 -> 1.00
  widths=119,120,120,138,147,167,173,188,196,202,219,221,223,225,226,227,226,226,226,225,225,225,225,224,224,224,224,224,224,224,224,224,224,224,224,224,224,223,223,223,223,223,223,223,223,223,223,223,223,223,223,223,223,223,223,223,223,225,225,225,225,225,225,225,225,225,225,225,225,225,225,225,225,225,225,225,225,225,225,225,225,225,225,225,225,225,225,225,225,225,225,225,225,225,225,225,225,225,225,225,225,225,225,225,225,225,225,225,225,225,225,225,225,225,225,225,225,225,225,225,225,225,225,225,225,225,225,225,225,225,225,225,225,225,225,225,225,225,225,225,225,225,225,225,225,225,225,225,225,225,225,225,225,225,225,225,225,225,225,225
  layouts=0

CASE tag=f-rounded-words transition=numeric design=rounded monoDigit=false rtl=false size=48.0 duration=0.8
  from="daylight" to="the light you seek"
  width 164.0 -> 356.0  distinctWidths=15  animated=YES  settled=0.974s
  x 0.0 -> 0.0   height 56.0 -> 56.0  opacity 1.00 -> 1.00
  widths=163,186,200,232,248,276,291,300,338,353,356,357,359,360,360,360,360,360,359,359,359,358,358,358,358,358,358,357,357,357,357,357,357,357,357,357,357,357,357,357,357,357,357,357,357,357,357,357,357,357,357,357,357,357,357,357,356,356,356,356,356,356,356,356,356,356,356,356,356,356,356,356,356,356,356,356,356,356,356,356,356,356,356,356,356,356,356,356,356,356,356,356,356,356,356,356,356,356,356,356,356,356,356,356,356,356,356,356,356,356,356,356,356,356,356,356,356,356,356,356,356,356,356,356,356,356,356,356,356,356,356,356,356,356,356,356,356,356,356,356,356,356,356,356,356,356,356,356,356,356,356,356,356,356,356,356,356,356,356,356
  layouts=0

CASE tag=f-mono-digits transition=numeric design=mono monoDigit=false rtl=false size=48.0 duration=0.8
  from="1,234" to="9,876,543"
  width 149.0 -> 268.0  distinctWidths=15  animated=YES  settled=0.972s
  x 0.0 -> 0.0   height 56.0 -> 56.0  opacity 1.00 -> 1.00
  widths=146,146,148,158,175,186,207,215,228,242,260,260,264,266,267,267,267,267,267,267,267,266,266,266,265,265,265,265,265,265,265,265,265,265,265,265,265,265,265,265,265,265,265,265,265,265,265,265,265,265,265,265,265,265,265,265,265,265,268,268,268,268,268,268,268,268,268,268,268,268,268,268,268,268,268,268,268,268,268,268,268,268,268,268,268,268,268,268,268,268,268,268,268,268,268,268,268,268,268,268,268,268,268,268,268,268,268,268,268,268,268,268,268,268,268,268,268,268,268,268,268,268,268,268,268,268,268,268,268,268,268,268,268,268,268,268,268,268,268,268,268,268,268,268,268,268,268,268,268,268,268,268,268,268,268,268,268,268,268,268
  layouts=0

CASE tag=f-mono-words transition=numeric design=mono monoDigit=false rtl=false size=48.0 duration=0.8
  from="daylight" to="the light you seek"
  width 238.0 -> 535.0  distinctWidths=16  animated=YES  settled=0.973s
  x 0.0 -> 0.0   height 56.0 -> 56.0  opacity 1.00 -> 1.00
  widths=232,240,272,299,348,366,403,437,473,490,528,531,533,534,535,535,535,534,534,534,533,533,533,532,532,532,532,532,532,532,532,532,532,531,531,531,531,531,531,531,531,531,531,531,531,531,531,531,531,531,531,531,531,531,531,531,531,535,535,535,535,535,535,535,535,535,535,535,535,535,535,535,535,535,535,535,535,535,535,535,535,535,535,535,535,535,535,535,535,535,535,535,535,535,535,535,535,535,535,535,535,535,535,535,535,535,535,535,535,535,535,535,535,535,535,535,535,535,535,535,535,535,535,535,535,535,535,535,535,535,535,535,535,535,535,535,535,535,535,535,535,535,535,535,535,535,535,535,535,535,535,535,535,535,535,535,535,535,535,535
  layouts=0

CASE tag=f-monodigit-digits transition=numeric design=default monoDigit=true rtl=false size=48.0 duration=0.8
  from="1234" to="5678"
  width 118.0 -> 118.0  distinctWidths=6  animated=YES  settled=0.971s
  x 0.0 -> 0.0   height 56.0 -> 56.0  opacity 1.00 -> 1.00
  widths=114,114,116,117,117,118,119,119,119,119,119,119,119,120,119,118,118,118,118,118,118,117,117,117,117,116,116,116,116,116,116,116,116,116,116,116,116,116,116,116,116,116,116,116,116,116,116,116,116,116,116,116,116,116,116,116,116,116,118,118,118,118,118,118,118,118,118,118,118,118,118,118,118,118,118,118,118,118,118,118,118,118,118,118,118,118,118,118,118,118,118,118,118,118,118,118,118,118,118,118,118,118,118,118,118,118,118,118,118,118,118,118,118,118,118,118,118,118,118,118,118,118,118,118,118,118,118,118,118,118,118,118,118,118,118,118,118,118,118,118,118,118,118,118,118,118,118,118,118,118,118,118,118,118,118,118,118,118,118,118
  layouts=0

CASE tag=f-monodigit-grow transition=numeric design=default monoDigit=true rtl=false size=48.0 duration=0.8
  from="999" to="1000"
  width 89.0 -> 118.0  distinctWidths=15  animated=YES  settled=0.966s
  x 0.0 -> 0.0   height 56.0 -> 56.0  opacity 1.00 -> 1.00
  widths=86,88,88,89,89,94,98,100,105,108,109,112,113,115,116,116,115,115,115,115,114,114,114,114,114,113,113,113,113,113,113,113,113,113,113,113,113,113,113,113,113,113,113,113,113,113,113,113,113,113,113,113,113,113,113,113,113,118,118,118,118,118,118,118,118,118,118,118,118,118,118,118,118,118,118,118,118,118,118,118,118,118,118,118,118,118,118,118,118,118,118,118,118,118,118,118,118,118,118,118,118,118,118,118,118,118,118,118,118,118,118,118,118,118,118,118,118,118,118,118,118,118,118,118,118,118,118,118,118,118,118,118,118,118,118,118,118,118,118,118,118,118,118,118,118,118,118,118,118,118,118,118,118,118,118,118,118,118,118,118
  layouts=0

CASE tag=f-small-digits transition=numeric design=default monoDigit=false rtl=false size=14.0 duration=0.8
  from="1,234" to="9,876,543"
  width 36.0 -> 66.0  distinctWidths=19  animated=YES  settled=0.970s
  x 0.0 -> 0.0   height 17.0 -> 17.0  opacity 1.00 -> 1.00
  widths=37,37,37,37,38,40,43,46,48,50,52,52,54,55,57,58,59,60,61,65,66,66,66,67,67,67,68,68,68,68,68,68,68,68,68,68,68,68,68,68,68,68,68,68,68,68,68,68,68,68,68,68,68,68,68,68,68,68,68,68,68,68,68,68,68,68,68,68,68,68,68,68,68,68,68,68,68,68,68,68,68,68,68,68,68,68,68,68,68,68,68,68,68,68,68,68,68,68,68,68,68,68,68,68,68,68,68,68,68,68,68,68,68,68,68,66,66,66,66,66,66,66,66,66,66,66,66,66,66,66,66,66,66,66,66,66,66,66,66,66,66,66,66,66,66,66,66,66,66,66,66,66,66,66,66,66,66,66,66,66
  layouts=0

CASE tag=f-large-digits transition=numeric design=default monoDigit=false rtl=false size=96.0 duration=0.8
  from="1,234" to="9,876,543"
  width 231.0 -> 439.0  distinctWidths=18  animated=YES  settled=0.977s
  x 0.0 -> 0.0   height 113.0 -> 113.0  opacity 1.00 -> 1.00
  widths=226,227,274,297,315,331,344,372,393,424,433,436,437,439,439,438,438,437,437,436,435,435,434,434,434,434,433,432,432,432,432,432,432,432,432,432,432,432,432,432,432,432,432,432,432,432,432,432,432,432,432,432,432,432,432,432,439,439,439,439,439,439,439,439,439,439,439,439,439,439,439,439,439,439,439,439,439,439,439,439,439,439,439,439,439,439,439,439,439,439,439,439,439,439,439,439,439,439,439,439,439,439,439,439,439,439,439,439,439,439,439,439,439,439,439,439,439,439,439,439,439,439,439,439,439,439,439,439,439,439,439,439,439,439,439,439,439,439,439,439,439,439,439,439,439,439,439,439,439,439,439,439,439,439,439,439,439,439,439,439
  layouts=0

CASE tag=d-fast transition=numeric design=default monoDigit=false rtl=false size=48.0 duration=0.25
  from="1,234" to="9,876,543"
  width 117.0 -> 223.0  distinctWidths=15  animated=YES  settled=0.000s
  x 0.0 -> 0.0   height 56.0 -> 56.0  opacity 1.00 -> 1.00
  widths=117,117,137,146,164,171,185,193,199,216,218,220,221,223,224,224,224,223,223,222,222,222,222,221,221,221,221,221,221,221,221,221,221,221,221,221,221,221,221,221,221,221,221,221,221,221,221,221,221,221
  layouts=0

CASE tag=d-slow transition=numeric design=default monoDigit=false rtl=false size=48.0 duration=2.0
  from="1,234" to="9,876,543"
  width 117.0 -> 223.0  distinctWidths=15  animated=YES  settled=2.016s
  x 0.0 -> 0.0   height 56.0 -> 56.0  opacity 1.00 -> 1.00
  widths=117,117,122,137,146,164,172,185,193,200,216,218,221,221,223,224,224,224,223,223,222,222,222,222,221,221,221,221,221,221,221,221,221,221,221,221,221,221,221,221,221,221,221,221,221,221,221,221,221,221,221,221,221,221,221,221,221,221,221,221,221,221,221,221,221,221,221,221,221,221,221,221,221,221,221,221,221,221,221,221,221,221,221,221,221,221,221,221,221,221,221,221,221,221,221,221,221,221,221,221,221,221,221,221,221,221,221,221,221,221,221,221,221,221,221,221,221,221,221,221,221,223,223,223,223,223,223,223,223,223,223,223,223,223,223,223,223,223,223,223,223,223,223,223,223,223,223,223,223,223,223,223,223,223,223,223,223,223,223,223,223,223,223,223,223,223,223,223,223,223,223,223,223,223,223,223,223,223,223,223,223,223,223,223,223,223,223,223,223,223,223,223,223,223,223,223,223,223,223,223,223,223,223,223,223,223,223,223,223,223,223,223,223,223,223,223,223,223,223,223,223,223,223,223,223,223,223,223,223,223,223,223,223,223,223,223,223,223,223,223,223,223,223,223,223,223,223,223,223,223,223,223,223,223,223,223,223,223,223,223,223,223,223,223,223,223,223,223,223,223,223,223,223,223,223,223,223,223,223,223,223,223,223,223,223,223,223,223,223,223,223,223,223,223,223,223,223,223,223,223,223,223,223,223,223,223,223,223,223,223,223,223,223,223,223,223,223,223,223,223,223,223,223,223,223,223,223,223,223,223,223,223,223,223,223,223,223,223,223,223,223,223,223,223,223,223,223,223,223,223,223,223,223,223,223,223,223,223,223,223,223,223,223,223,223,223,223,223,223,223,223,223,223,223,223,223,223,223,223,223,223,223,223,223,223,223,223,223,223,223,223,223,223,223,223,223,223,223,223,223
  layouts=0

MATRIX_DONE 57 cases
